-0.36268
-0.69057
-0.69876
-0.6977
-0.69725
-0.69548
-0.69599
-0.69949
-0.70002
-0.69968
-0.69861
-0.69655
-0.69713
-0.70093
-0.70115
-0.69915
-0.7006
-0.70091
-0.70039
-0.70057
-0.70107
-0.70041
-0.7003
-0.7003
-0.69921
-0.70125
-0.69742
-0.68644
-0.60459
-0.60433
-1.0901
-1.3299
-0.78244
-0.38023
-0.62197
-0.80168
-0.68958
-0.81033
-0.67224
-0.316
-0.15667
-0.21825
-0.5229
-0.58685
-0.34741
-0.099327
0.1117
0.15295
0.10609
0.14192
0.4023
0.71234
1.0633
1.3
0.98563
0.259
-0.21749
-0.26797
0.045152
0.5412
0.16563
-0.3622
-0.15551
0.057818
0.090529
-0.030934
-0.059261
0.011003
0.0081972
0.066679
0.082556
0.10848
0.19292
0.20475
0.18493
0.16912
0.24459
0.55274
0.60267
0.12608
0.0089492
0.4998
0.78201
0.55003
-0.16923
-0.76958
-0.42
0.19055
0.37078
0.67029
1.8554
2.5139
1.3851
1.0248
0.56349
-0.67676
-0.75963
-0.14329
0.50331
1.0435
1.109
0.31627
-0.31229
0.16255
0.78331
0.72843
0.36699
-0.051225
0.042027
0.73816
0.8495
0.0052735
-0.23474
0.29692
0.6095
0.68126
0.31495
-0.19853
0.0053035
0.5447
0.10174
-0.31001
0.048849
0.2816
0.14295
-0.064021
0.27032
0.77718
0.21874
-0.0086788
0.29272
0.30504
-0.095834
-0.0396
0.68296
0.54795
0.040524
0.050555
0.35828
0.20771
-0.23913
0.26257
0.62942
-0.17531
-0.14604
0.51663
-0.0083412
-0.15656
0.53436
0.2331
-0.21226
0.59537
0.68908
-0.081146
0.38507
0.6272
0.30092
0.42462
0.8427
0.68321
-0.12305
0.047596
0.42314
0.0024604
-0.087769
0.30742
0.30615
-0.35859
-0.3913
0.59456
0.50957
-0.4037
0.13643
0.21281
-0.19791
0.37094
0.73959
0.16993
0.42892
0.89928
0.18094
0.5693
0.35387
0.32628
0.91955
0.035055
0.47495
0.39222
0.13541
0.56614
0.39002
0.44224
0.084545
0.67658
0.46023
0.41246
0.62991
0.56051
0.26864
-0.016646
0.18157
0.22202
-0.051671
-0.20805
-0.32445
-0.12363
0.1445
-0.062914
-0.11626
0.027441
0.11591
0.037659
-0.53936
-0.9158
-0.87956
-0.88951
-0.69371
-0.58148
-0.6893
-0.63375
-0.45317
-0.4494
-0.52167
-0.5603
-0.71838
-0.833
-0.84164
-0.91367
-0.96344
-0.90357
-0.92008
-0.94287
-0.97998
-0.96739
-0.87826
-0.92013
-1.0062
-0.95542
-1.0319
-1.1222
-1.1155
-1.0336
-0.72101
-0.27324
-0.37537
-0.35984
0.71036
1.7123
1.5102
0.047472
-0.22307
1.219
1.5828
-0.027775
-0.38882
1.2315
0.78703
0.21784
1.2518
1.2745
1.0022
0.022568
0.0076279
0.095779
0.2307
0.44329
0.20215
0.23807
0.02865
0.37434
0.32903
0.26376
-0.010674
-0.10675
0.094318
0.044604
-0.031135
0.10307
0.066644
-0.012402
-0.019681
0.068066
0.055162
-0.037806
-0.17547
-0.11216
-0.064817
-0.0087034
-0.031683
-0.069155
0.0017774
0.10444
0.064817
0.35327
0.48974
0.16391
0.12368
0.21316
0.026928
0.079136
0.067715
0.17481
0.12469
-0.31166
-0.67172
-0.73305
-0.73783
-0.69018
-0.72781
-0.60843
-0.46384
-0.46927
-0.48944
-0.50226
-0.60993
-0.7002
-0.84914
-0.94406
-0.93827
-0.63187
-0.18565
-0.18332
0.19069
0.90172
1.4341
1.112
0.072239
-0.35437
0.42505
1.3053
0.9825
0.042389
0.14339
1.1628
0.8577
-0.035492
0.67225
0.88654
-0.15675
0.28613
1.2949
0.43531
0.22925
1.336
0.26524
0.33666
1.3345
0.38849
0.69855
0.37875
0.27355
0.61014
0.27548
0.21387
-0.092274
0.097489
0.26571
0.28914
0.002765
0.24127
0.26533
0.22715
0.18421
-0.13145
-0.27304
-0.54831
-0.65055
-0.65849
-0.66833
-0.69446
-0.67748
-0.58949
-0.5198
-0.49084
-0.6015
-0.65233
-0.6478
-0.68035
-0.69911
-0.57712
-0.57297
-0.67165
-0.76101
-0.76831
-0.49834
-0.20723
-0.22837
-0.2749
-0.8576
-1.3661
-0.8236
-0.3481
-0.22777
-0.081944
-0.045651
-0.060049
0.028755
0.10578
0.039813
-0.10641
-0.13864
-0.14633
-0.12212
-0.090726
-0.14805
0.27056
0.85528
0.78848
0.99621
2.0248
2.6543
1.5233
-0.1568
-0.49749
-0.48517
0.17788
1.4236
0.95005
-0.1733
0.68211
0.87919
-0.18535
0.31774
1.2127
0.21809
0.26877
1.0068
0.27026
0.2842
0.53662
0.012146
0.54626
0.59974
0.033527
0.48826
0.2357
0.21313
0.54799
0.6573
0.17275
0.04018
0.45728
0.37487
0.17441
-0.30808
-0.10939
0.10705
0.05085
-0.60417
-1.2262
-1.1086
-1.0346
-0.93633
-0.76205
-0.60307
-0.62998
-0.65027
-0.55511
-0.58691
-0.68076
-1.017
-1.3807
-1.5101
-1.7543
-2.3252
-1.7416
0.073221
0.47453
0.36197
0.44141
0.058904
-0.2107
-0.079303
0.037578
-0.06268
-0.1976
-0.016935
0.309
0.17619
-0.11554
-0.23856
-0.35859
-0.068581
0.076546
-0.74715
-1.6303
-0.67113
0.52152
0.34897
0.10544
-0.17537
-0.040707
0.28088
0.18982
0.054955
0.0009141
0.26757
0.47614
0.13454
0.053364
0.17
0.016601
-0.022186
-0.16764
-0.35716
-0.14375
0.17427
0.34084
0.34971
0.30714
0.32255
0.17971
-0.066226
-0.038776
0.16543
0.29437
0.24174
0.21785
0.20592
0.19456
0.19811
0.21403
0.21563
0.20972
0.21028
0.20606
0.19955
0.19119
0.19027
0.20555
0.21595
0.21714
0.21078
0.2167
0.22088
0.21259
0.19653
0.19237
0.20289
0.20473
0.2017
0.20429
0.20191
0.19808
0.19385
0.17872
0.172
0.19161
0.21372
0.21118
0.20588
0.20782
0.20598
0.19717
0.20286
0.20134
0.20264
0.21202
0.21072
0.20654
0.19041
0.18332
0.18333
0.18423
0.19149
0.19248
0.17611
0.18785
0.19632
0.193
0.20606
0.20068
0.19936
0.20213
0.19735
0.19196
0.19322
0.18651
0.18624
0.19164
0.22218
0.29726
0.16655
0.16619
0.26514
0.14202
0.21499
0.29599
0.27303
0.21979
0.030527
0.11248
0.25134
0.15524
0.061362
0.14041
0.21157
0.17996
0.31273
0.37527
0.28385
0.42108
0.76185
1.227
1.8067
2.1424
1.0167
-0.24903
-0.086418
0.86902
0.89825
0.27216
0.47692
0.69962
0.23902
0.34424
1.3124
1.3098
0.21116
0.34528
1.9744
1.4966
0.43507
0.86826
-0.017778
-0.24733
1.0103
0.50418
0.11722
0.39677
-0.094565
0.37647
0.482
0.075338
-0.19574
-0.098259
0.34648
0.33846
0.32255
-0.036652
0.040624
0.13371
0.13628
-0.032746
-0.14708
0.028581
0.21143
0.016813
-0.17479
-0.13449
0.41664
0.36947
-0.012471
0.24384
0.14506
-0.033937
-0.1301
0.045498
0.063296
0.00026183
-0.28065
-0.28665
-0.25517
-0.25812
-0.2995
-0.50568
-0.52208
-0.49267
-0.49798
-0.47249
-0.41686
-0.46934
-0.53504
-0.59514
-0.5239
-0.35616
-0.42597
-0.49215
-0.46491
-0.4039
-0.3428
-0.34327
-0.35093
-0.63033
-0.88617
-0.82687
-0.80263
-0.80297
-0.3766
-0.10578
0.20071
1.0239
0.86046
0.081426
0.080239
0.61094
0.41687
-0.054271
0.36051
0.24995
0.10621
0.53873
0.17409
0.24096
0.59122
0.18475
0.15713
0.1006
0.053082
0.7133
0.4657
0.32716
0.31905
0.10521
0.38246
0.33445
0.21302
0.017931
0.20471
0.22411
0.1982
0.083678
0.2188
0.28429
0.1742
0.02166
-0.0069476
0.12372
0.08943
-0.023727
0.063722
0.11382
-0.010839
-0.06583
-0.04747
0.056912
0.048837
-0.072662
0.04462
0.21256
0.19134
0.21126
0.24756
0.1683
0.082097
0.28102
0.3457
0.24343
0.14961
0.11493
0.011889
-0.24945
-0.8521
-1.2341
-1.4259
-1.7921
-1.684
-1.6249
-1.7699
-1.9617
-2.0756
-2.0501
-1.1285
-0.5395
-0.41605
0.57618
1.6838
1.636
0.52284
-0.16491
-0.044904
0.67613
1.2884
0.38985
-0.214
0.89047
0.76236
-0.10247
0.75756
1.0263
0.19567
0.52526
0.30223
0.042922
0.56306
0.27274
0.41661
0.21808
0.15511
0.4793
0.23558
0.3798
0.083328
0.31648
0.42579
0.54112
0.28837
0.31206
0.51255
0.39354
0.24493
0.19521
0.37993
0.19773
0.22234
0.17981
0.2523
0.12278
0.36549
0.36006
-0.035688
0.094569
0.12377
0.16998
0.033697
0.010659
0.14809
0.14536
0.073171
0.14203
0.081606
0.042981
0.23425
0.070946
0.018735
0.11738
-0.043633
0.23956
0.30891
-0.64478
-1.276
-1.3876
-1.4978
-1.4294
-1.4392
-1.7896
-2.0652
-2.0708
-2.1569
-2.0601
-1.1564
-0.52894
-0.30253
0.24144
1.504
2.1278
0.96506
-0.057976
-0.35464
-0.16575
0.5158
0.94594
0.44484
0.9051
1.4976
0.092176
0.49753
1.5152
0.23151
-0.14825
0.15189
0.50484
0.99575
0.41446
0.44272
0.23692
0.59778
0.60657
0.32624
0.25587
0.23965
0.50204
0.29556
0.20489
0.39419
0.49472
0.18891
0.23013
0.13308
0.19668
0.3336
0.28118
0.33172
0.11831
0.035467
0.24735
0.013173
0.064714
0.19798
0.060809
0.030632
-0.03117
0.088098
-0.16009
-0.91959
-1.4372
-1.5237
-1.3003
-1.6062
-1.6588
-1.5272
-1.7712
-1.8597
-1.0479
-0.33141
-0.037254
0.38216
0.76762
1.4015
1.0083
0.21745
0.14189
0.604
0.85915
0.61601
1.0726
1.2984
0.12294
-0.11601
0.21104
-0.026255
0.3552
0.48323
0.25099
0.95576
0.42612
0.61055
1.0359
0.35215
0.37279
0.2671
0.56388
0.44414
0.27485
0.3168
0.42251
0.50232
0.30582
0.094705
0.36003
0.013751
0.078718
0.25205
0.31962
0.11363
0.28088
0.53637
0.31333
0.27486
0.10136
0.15294
0.18574
0.10872
0.18727
-0.019376
-0.085707
0.17379
0.053385
-0.084745
0.11912
0.10457
-0.05329
0.13564
0.17281
-0.071408
0.033302
0.058916
-0.095653
-0.068519
-0.014656
0.11428
0.18739
0.084986
-0.43056
-1.2801
-1.483
-1.6218
-1.9227
-1.9026
-1.8736
-2.1956
-2.4492
-2.3409
-1.2538
-0.43645
-0.35994
-0.076106
-0.030056
0.49022
1.183
1.4792
0.52836
-0.4482
-0.078668
1.1261
1.1919
-0.18192
0.11389
1.2805
0.41632
0.10527
1.1132
0.24281
0.29478
0.83928
0.26887
1.0338
0.4481
0.30289
0.46465
0.17803
0.10125
0.14769
0.27686
0.17668
0.079294
-0.3764
-0.060918
0.21131
0.22342
0.22034
0.13644
0.10493
0.091029
0.067441
0.07469
0.13907
0.18488
0.082598
-0.13057
-0.32656
-0.68932
-0.82666
-0.87178
-0.90793
-0.88793
-0.81872
-0.8358
-0.86147
-0.82612
-0.86985
-0.93792
-0.95733
-0.90965
-0.60709
-0.21485
0.50065
0.52433
-0.17811
0.5324
1.3804
0.47409
-0.13819
0.93757
0.75532
-0.24204
0.40572
0.45752
-0.013194
0.37984
0.12065
-0.14158
0.097836
0.0052329
0.023173
0.16331
-0.0028337
-0.072176
0.055024
0.017739
0.037843
-0.0085138
-0.14393
0.029239
0.02973
-0.050583
0.04523
0.0026138
0.032209
0.10756
-0.090676
-0.015323
0.031033
-0.13372
-0.0086059
-0.079891
-0.15795
-0.048666
-0.12285
-0.064402
0.082619
-0.075562
-0.028589
0.16093
0.015623
0.064621
0.17482
0.023034
0.16952
0.1882
-0.053222
-0.097455
-0.26934
-0.44357
-0.47623
-0.55895
-0.56201
-0.41949
-0.38725
-0.38333
-0.37175
-0.43317
-0.50277
-0.45346
-0.4266
-0.32728
-0.2932
-0.41446
-0.44797
-0.43917
-0.46682
-0.49192
-0.39715
-0.38405
-0.42504
-0.43845
-0.44899
-0.60862
-0.89878
-1.0108
-0.91271
-1.2468
-1.1911
-0.34245
-0.027453
-0.17521
-0.26727
-0.23452
-0.11247
-0.014089
0.025936
-0.077461
-0.076977
0.038878
-0.01697
-0.15378
-0.18702
-0.21873
-0.2505
-0.036542
0.071244
0.0099798
0.019399
-0.049511
-0.25882
-0.25938
0.044799
0.11556
-0.042422
-0.058167
-0.099296
-0.16525
-0.11549
-0.12229
-0.10729
-0.033077
-0.056581
-0.16273
-0.17044
-0.09381
-0.12748
-0.13987
-0.052698
-0.028546
-0.063745
-0.12636
-0.13578
-0.12361
-0.11945
-0.092401
-0.0098851
-0.011246
-0.1341
-0.13896
-0.066057
-0.071445
-0.069996
-0.090324
-0.061991
-0.048224
-0.050687
0.0054017
-0.074423
-0.16621
-0.16646
-0.11695
-0.057719
-0.012782
-0.027578
-0.082868
-0.10069
-0.08985
-0.08361
-0.076007
-0.07029
-0.06919
-0.070225
-0.084972
-0.077702
-0.044923
-0.059258
-0.094285
-0.087666
-0.074779
-0.074252
-0.075353
-0.096712
-0.086397
-0.09188
-0.15613
-0.074862
0.12156
0.091782
-0.15789
-0.17051
-0.057615
-0.059405
-0.080938
-0.038123
-0.093076
-0.10734
-0.10197
-0.11399
-0.075482
-0.10244
-0.025903
0.0058636
-0.036592
-0.016553
-0.033085
-0.050603
-0.056675
-0.069548
-0.079757
-0.11868
-0.088057
-0.078442
-0.12173
-0.086764
-0.049824
-0.08766
-0.090738
-0.046892
-0.063728
-0.044582
-0.020021
-0.03509
-0.033419
-0.044279
-0.074959
-0.072137
-0.063957
-0.082215
-0.071286
-0.063148
-0.059974
-0.063933
-0.069157
-0.081614
-0.072836
-0.067845
-0.077607
-0.08434
-0.05106
0.027606
-0.036899
-0.16057
-0.11816
-0.080463
-0.36681
0.1323
1.5999
2.3544
1.9613
0.322
-0.63467
-0.42493
-0.031853
0.49147
1.3645
1.9477
0.42436
-0.72352
0.35967
1.5281
0.50855
-0.14526
0.83041
0.45008
0.12429
0.96912
0.36883
-0.088676
0.97625
0.45678
-0.020696
0.88291
0.91847
0.97701
0.34168
0.20242
0.76912
0.095112
0.82319
0.78946
0.38179
0.34191
0.2366
0.57623
0.26013
0.2159
0.25594
0.55605
0.36848
0.12219
0.19072
0.40553
0.30393
0.033339
-0.022678
0.075553
0.16375
0.2574
0.24731
-0.088982
-0.54764
-0.70992
-1.299
-1.8184
-1.9039
-1.9145
-1.9966
-2.0636
-1.8764
-1.4528
-0.6366
-0.10805
0.55535
1.2927
1.5501
0.85374
-0.26028
0.01912
1.4036
1.2416
-0.030544
0.42135
1.1429
0.20147
0.36853
1.0612
0.12958
0.54794
0.67394
0.2855
0.57504
0.038539
0.53241
0.59152
0.29426
0.102
0.0529
0.33982
0.44146
0.17408
0.25101
0.68101
-0.76772
-2.094
-2.2544
-2.2893
-2.2679
-2.2545
-2.1191
-0.93516
0.011272
0.18391
0.88273
1.5578
1.0021
-0.0011179
0.099492
1.4337
1.4652
0.034286
0.79374
0.86669
-0.011731
0.86141
0.55057
0.44275
0.56684
0.1663
0.76144
0.9083
0.3292
0.32341
0.53619
0.41031
0.2611
0.28244
0.41797
0.33493
0.2637
0.22803
0.35981
0.23704
0.18746
0.21053
0.33307
0.083292
0.24259
0.32906
0.26861
0.48936
0.3292
0.29326
0.18654
0.32517
0.37729
0.18447
0.18985
0.12686
0.13215
0.16842
0.17567
0.20075
-0.20138
-0.86855
-1.6229
-1.4009
-1.0944
-1.7702
-1.8579
-1.6044
-0.77751
0.0091503
0.59007
0.50227
0.52637
0.66207
0.37702
0.72904
0.32214
0.36933
0.20833
0.24615
0.60731
0.38156
0.32221
0.21394
0.4607
0.38126
0.17642
0.22973
0.42096
0.34223
0.11337
0.011474
0.31003
0.24587
0.061901
0.1536
0.23345
0.05138
0.058276
0.12605
0.085217
0.038016
0.031126
0.15317
0.24028
0.23123
-0.87266
-1.4041
-1.3254
-1.8053
-1.63
-1.6931
-1.7823
-1.5223
-1.5885
-1.6466
-0.8281
-0.33723
-0.45394
-0.15563
0.64671
1.3725
0.9796
0.17016
-0.22541
0.43618
1.1894
0.79341
1.1644
1.4172
-0.0063491
0.45354
0.75686
0.16696
0.84622
0.45115
0.67915
0.38255
0.54925
0.64776
0.37207
0.18005
0.23916
0.51389
0.29525
0.20627
0.11777
0.33861
0.15712
0.19987
0.35518
0.38797
0.19329
0.23661
0.45286
0.12104
0.14777
0.23582
-0.01359
0.09993
0.11544
-0.12381
0.20289
0.34992
0.11223
0.21927
0.2751
0.065161
-0.15017
-0.75205
-1.3753
-1.6515
-1.5708
-1.5172
-1.7853
-2.1507
-2.3391
-1.6794
-0.57739
0.020295
1.0554
0.97034
-0.11647
0.68045
1.035
-0.02074
0.42532
0.60572
0.2209
0.65362
0.1022
0.47913
0.59008
0.37844
0.42283
0.34038
0.55878
0.48925
0.41002
0.30605
0.34541
0.40313
0.2757
0.34492
0.60788
0.21729
0.272
0.36868
0.47884
0.18968
0.20644
0.49798
0.053257
0.095075
0.24872
-0.073006
0.011652
0.22661
0.086805
0.12024
0.1824
0.14962
0.094666
-0.02209
0.049195
-0.078649
-0.0091623
0.13852
0.16694
0.12339
-0.46851
-1.3638
-1.813
-1.873
-1.8581
-1.8733
-1.827
-1.8364
-1.75
-0.92281
-0.24188
-0.091937
0.44601
0.74493
0.15937
0.25227
1.1406
0.6092
-0.24403
0.35415
0.40988
-0.058741
0.57382
0.47712
0.1074
0.47393
0.14337
0.25448
0.49431
0.2191
0.58424
0.093309
0.20885
0.59694
0.20213
0.10626
0.00010452
0.52272
-0.0040247
0.31428
0.31908
0.37883
0.57539
0.50413
0.41328
0.19315
0.12112
0.0095931
0.14644
0.010155
-0.11242
-0.15804
0.52313
0.46805
0.32897
0.24155
-0.050265
0.086438
0.095229
0.066498
0.072705
0.13579
-0.0023618
-0.12661
0.06442
-0.018536
-0.17992
-0.28483
-0.41771
-0.51252
-0.6773
-0.66426
-0.57053
-0.61697
-0.66409
-0.80352
-0.84918
-0.7829
-0.75019
-0.77986
-0.80267
-0.7835
-0.70004
-0.70039
-0.79912
-0.80457
-0.6515
-0.55701
-0.40921
-0.11433
0.12333
0.70598
0.35651
-0.19348
0.68085
0.73302
-0.018097
0.53725
1.0873
0.14015
0.41872
0.82653
0.9042
0.66136
0.072592
0.54682
0.23057
0.53543
0.3338
0.14361
0.29539
0.2984
0.30798
0.33231
0.28495
0.023849
0.17601
0.16456
0.24854
0.24823
0.43229
0.27327
0.16599
0.20213
0.080771
0.19205
0.33063
0.30625
0.19037
0.21229
0.20577
-0.14394
-0.0068179
0.08584
0.13752
0.031712
0.093337
0.23494
0.0029968
-0.24488
-0.63495
-0.65811
-0.59978
-0.68878
-0.70707
-0.77247
-0.80546
-0.8156
-0.81418
-0.83852
-0.84312
-0.74793
-0.72454
-0.79185
-0.80462
-0.84931
-0.85136
-0.78201
-0.64235
-0.21546
0.30081
1.1598
0.50227
-0.12062
1.0019
0.56514
0.28925
0.8483
0.072672
0.23035
0.38363
0.47667
0.5787
0.44712
0.4898
0.43223
0.22435
0.23236
0.63802
0.38602
0.08406
0.13534
0.15985
0.0038754
0.052306
0.22487
0.21066
0.21175
0.27547
0.43643
0.24253
0.17329
0.26382
0.024219
-0.061751
0.017782
0.16207
0.0053764
-0.26365
-0.40565
-0.15575
-0.05101
-0.663
-1.0143
-1.0425
-1.2074
-1.102
-0.98757
-0.94258
-0.91437
-1.0102
-1.0132
-1.0179
-1.0421
-0.73868
-0.26757
-0.16156
0.51503
1.4655
0.72186
-0.27585
0.8657
1.0007
-0.14294
0.9227
0.70749
0.080882
1.1649
0.3105
0.26804
0.82866
0.61384
0.18009
0.46561
0.69526
0.39024
0.78429
0.25559
0.64191
0.41994
0.38277
0.33781
0.29657
0.27845
0.25955
0.32042
0.25059
0.32784
0.27062
0.081899
0.072578
0.35046
0.2187
0.26502
0.062318
-0.083102
-0.058778
-0.39733
-0.60915
-0.59342
-0.72441
-0.8063
-0.77028
-0.78115
-0.77816
-0.7856
-0.83681
-0.82377
-0.83546
-0.79086
-0.74598
-0.70437
-0.55001
-0.26405
-0.21608
-0.24369
0.14658
0.76385
0.80936
0.36077
0.10526
-0.13141
0.16572
0.8793
0.73186
0.11525
-0.069049
-0.013003
0.05513
0.069419
-0.059886
-0.38801
-0.35473
-0.079392
-0.090803
-0.16934
-0.12592
-0.078769
-0.41971
-1.0254
-1.3731
-1.2218
-0.63111
-0.34726
-0.1419
-0.1213
-0.1055
-0.15269
-0.10795
-0.070107
-0.97894
-1.2743
-0.2111
0.344
0.06425
-0.3866
-0.4972
-0.41098
-0.068621
0.51114
0.78774
0.78663
0.26194
-0.3777
-0.38646
0.91023
2.6609
1.5642
-0.16484
-0.29095
-0.066318
0.36515
0.6262
0.93336
0.38539
-0.20394
0.46177
0.50683
0.015838
0.75904
0.89632
-0.4502
0.60033
1.0778
-0.29416
0.73978
0.86896
0.077314
0.30807
0.1143
0.15196
0.27575
-0.14791
-0.12023
-0.25148
-0.071386
-0.03944
-0.091109
-0.20749
-0.17295
-0.031547
0.030531
0.12636
-0.046655
-0.29119
-0.24405
-0.067994
-0.20731
-0.077549
-0.086029
-0.5892
-0.88006
-0.81665
-0.84952
-0.869
-0.72243
-0.67989
-0.49628
-0.70081
-0.8787
-0.89065
-0.68106
-0.56572
-0.78045
-0.96289
-0.96584
-1.0107
-0.91959
-0.45071
-0.47791
-0.98966
-0.85383
-0.23151
-0.60159
-0.72582
-1.0493
-1.6029
-0.95297
-0.13314
0.38883
0.27056
-0.20153
-0.55172
-0.75543
-0.58571
-0.31791
-0.17682
-0.085111
0.050128
0.15266
-0.056986
-0.21098
