-0.27011
-0.38467
-0.41279
-0.44071
-0.46872
-0.49677
-0.52481
-0.55278
-0.58087
-0.60887
-0.63687
-0.6649
-0.69181
-0.69936
-0.69928
-0.69776
-0.69799
-0.68661
-0.70599
-0.73757
-0.73726
-0.72058
-0.71886
-0.72665
-0.72014
-0.73107
-0.72713
-0.71282
-0.68877
-0.66814
-0.66441
-0.65907
-0.64642
-0.62145
-0.58733
-0.55123
-0.52253
-0.48952
-0.44299
-0.38859
-0.31811
-0.23587
-0.17527
-0.12331
-0.074136
-0.058106
-0.046495
0.0062558
0.051094
0.051256
0.084228
0.11311
0.13168
0.13131
0.13754
0.16266
0.18468
0.20365
0.20969
0.2077
0.20775
0.21556
0.21771
0.20579
0.18767
0.16784
0.14086
0.09918
0.090062
0.12271
0.16976
0.19283
0.15641
0.11483
0.11345
0.13641
0.13991
0.16434
0.23223
0.36747
0.39481
0.44496
0.47133
0.43014
0.39133
0.3758
0.39796
0.42349
0.47813
0.46873
0.43176
0.41244
0.44163
0.47917
0.47246
0.42929
0.40495
0.44546
0.52212
0.53644
0.51184
0.51265
0.50906
0.47941
0.35196
0.31637
0.26037
0.26348
0.29885
0.32304
0.33008
0.31888
0.28441
0.22364
0.22476
0.28917
0.2741
0.24607
0.22377
0.22815
0.2247
0.22071
0.22324
0.20402
0.21014
0.21797
0.22733
0.2084
0.15879
0.16379
0.20839
0.20011
0.15724
0.18562
0.19484
0.18064
0.19469
0.20713
0.1861
0.21852
0.19365
0.19156
0.21034
0.22327
0.21759
0.23521
0.28168
0.28729
0.23632
0.25259
0.26713
0.24864
0.2333
0.26558
0.2712
0.21376
0.21327
0.23914
0.25584
0.21664
0.24737
0.23009
0.19239
0.23884
0.24203
0.2146
0.23822
0.26609
0.23233
0.2562
0.25337
0.2183
0.2406
0.24517
0.25909
0.26156
0.25708
0.30536
0.28344
0.30985
0.30074
0.37393
0.35847
0.33906
0.39883
0.4159
0.40111
0.4348
0.40713
0.38779
0.38088
0.3664
0.28796
0.30847
0.2661
0.26861
0.24522
0.20001
0.21281
0.196
0.15538
0.11991
0.046503
0.015359
-0.058079
-0.048013
-0.13686
-0.16235
-0.20112
-0.23874
-0.29435
-0.31573
-0.35288
-0.38464
-0.43318
-0.46392
-0.50271
-0.50847
-0.5586
-0.58979
-0.63677
-0.65659
-0.70989
-0.73649
-0.78974
-0.80157
-0.80496
-0.8154
-0.82531
-0.84025
-0.84456
-0.8228
-0.81194
-0.81833
-0.7749
-0.67236
-0.58162
-0.5657
-0.5405
-0.4607
-0.3445
-0.31465
-0.30914
-0.20912
-0.13277
-0.10519
0.0046625
0.068759
0.17768
0.19167
0.23904
0.27977
0.33193
0.4077
0.44442
0.49584
0.48671
0.5332
0.55491
0.55514
0.45743
0.39566
0.40474
0.42387
0.36523
0.30121
0.30393
0.34158
0.27022
0.24158
0.24768
0.18045
0.14186
0.06949
0.085639
0.083069
0.076668
0.071426
0.03514
0.058797
0.01667
0.069409
0.042742
0.05974
0.027301
0.061757
0.051057
0.06023
0.05373
0.065497
0.061891
0.06337
0.013683
0.0025484
-0.043145
-0.06213
-0.097874
-0.11166
-0.12838
-0.13678
-0.16533
-0.17649
-0.20266
-0.22532
-0.27349
-0.29919
-0.37056
-0.4041
-0.42263
-0.42887
-0.43763
-0.39791
-0.33869
-0.29627
-0.29699
-0.32829
-0.30696
-0.2068
-0.14198
-0.11315
-0.090753
-0.00056311
0.06223
0.063513
0.11358
0.17998
0.18238
0.20969
0.30965
0.35714
0.38186
0.51019
0.52314
0.53041
0.63216
0.60279
0.62139
0.55665
0.52155
0.55461
0.57628
0.57953
0.5028
0.4753
0.48145
0.51001
0.43312
0.42119
0.43567
0.41911
0.37977
0.38809
0.37766
0.28304
0.23965
0.23045
0.11231
0.099775
0.066794
-0.044415
-0.044925
-0.12099
-0.14223
-0.18163
-0.2394
-0.26652
-0.31593
-0.3218
-0.35844
-0.38714
-0.44338
-0.45794
-0.50672
-0.50653
-0.53495
-0.54783
-0.57487
-0.63089
-0.63525
-0.62
-0.60476
-0.5802
-0.55455
-0.5298
-0.50576
-0.47862
-0.45779
-0.43945
-0.41722
-0.39848
-0.37759
-0.34853
-0.33742
-0.30361
-0.23791
-0.17558
-0.11506
0.0037806
0.10336
0.20735
0.16684
0.19221
0.23596
0.27194
0.34589
0.39902
0.38088
0.41155
0.46624
0.44172
0.44301
0.5159
0.51133
0.51897
0.58791
0.59118
0.59696
0.65006
0.61763
0.60782
0.60874
0.56731
0.50498
0.40496
0.32489
0.3949
0.43483
0.45878
0.44544
0.415
0.38136
0.41003
0.36332
0.30945
0.34147
0.33439
0.23533
0.19335
0.14893
0.042845
0.0084147
-0.027981
-0.092558
-0.098549
-0.15286
-0.20534
-0.21834
-0.27427
-0.31946
-0.38184
-0.47191
-0.5639
-0.65896
-0.75472
-0.74682
-0.7482
-0.74187
-0.70162
-0.69907
-0.71918
-0.72193
-0.69291
-0.64507
-0.61202
-0.57197
-0.51602
-0.48033
-0.46302
-0.44453
-0.43747
-0.41779
-0.38495
-0.38882
-0.42747
-0.39439
-0.29927
-0.22513
-0.12991
-0.036654
-0.081
-0.070918
-0.081997
-0.10065
-0.10403
-0.080755
-0.053724
-0.058867
-0.050198
-0.034258
-0.031342
-0.050009
-0.061422
-0.073231
-0.069439
-0.045216
-0.027511
-0.022268
0.016189
0.11384
0.14394
0.10596
0.096932
0.094051
0.1195
0.13388
0.1233
0.12782
0.13155
0.14286
0.13963
0.1241
0.13342
0.13675
0.13861
0.14621
0.15316
0.16843
0.19459
0.20618
0.20919
0.20118
0.1969
0.19402
0.18881
0.18695
0.20313
0.20893
0.21482
0.20562
0.20572
0.20574
0.20536
0.2053
0.20446
0.20254
0.2017
0.20215
0.20197
0.20179
0.20259
0.20308
0.20269
0.20321
0.20237
0.20223
0.20193
0.2017
0.20142
0.20016
0.19961
0.19929
0.19884
0.1979
0.19805
0.19625
0.19631
0.19578
0.19594
0.1968
0.19828
0.19874
0.19793
0.19741
0.19681
0.1964
0.19575
0.19512
0.19426
0.19521
0.20155
0.19539
0.19529
0.19982
0.19504
0.19534
0.20441
0.2053
0.20739
0.19942
0.19683
0.20067
0.19894
0.19227
0.19048
0.19182
0.18865
0.1947
0.20313
0.20352
0.21501
0.23466
0.27891
0.34137
0.42962
0.45324
0.43298
0.42334
0.43834
0.48744
0.4786
0.48198
0.50749
0.50184
0.51225
0.56796
0.61428
0.60895
0.61217
0.69807
0.76084
0.74497
0.78944
0.75832
0.7304
0.78031
0.75485
0.69951
0.66912
0.54909
0.5315
0.57064
0.57563
0.53858
0.47819
0.50021
0.48699
0.47815
0.46318
0.45507
0.40046
0.35177
0.3467
0.33518
0.24641
0.17888
0.19736
0.12555
0.1424
0.16608
0.12336
0.11806
0.13055
0.098502
0.11967
0.091098
0.072975
0.073327
0.083513
0.078068
0.04748
0.02829
-0.0042608
-0.0061318
-0.028506
-0.054922
-0.086038
-0.099987
-0.11028
-0.13122
-0.15402
-0.1845
-0.19537
-0.21829
-0.23538
-0.27915
-0.29529
-0.32266
-0.34675
-0.358
-0.36399
-0.37734
-0.41051
-0.4478
-0.46515
-0.48877
-0.51183
-0.51299
-0.50866
-0.48474
-0.40931
-0.3553
-0.33701
-0.32185
-0.27378
-0.23358
-0.22587
-0.1764
-0.14911
-0.13749
-0.087374
-0.069336
-0.043153
0.0090135
0.022209
0.040469
0.059981
0.078167
0.16176
0.20304
0.24726
0.29961
0.30562
0.341
0.34009
0.30458
0.26185
0.27893
0.28399
0.26826
0.23934
0.27439
0.25095
0.2618
0.2531
0.22721
0.22974
0.23172
0.1878
0.1957
0.19331
0.18641
0.18941
0.14546
0.13197
0.1326
0.10248
0.11421
0.089527
0.10457
0.081904
0.113
0.096215
0.09965
0.095632
0.11484
0.11035
0.1047
0.10021
0.10917
0.093883
0.052519
0.0025043
-0.056398
-0.12868
-0.20386
-0.26962
-0.3313
-0.41554
-0.49115
-0.59007
-0.61602
-0.66101
-0.66197
-0.66977
-0.59061
-0.53433
-0.51895
-0.5395
-0.55425
-0.53697
-0.49404
-0.47201
-0.51071
-0.46294
-0.41612
-0.39415
-0.32129
-0.19764
-0.14541
-0.037062
0.034625
0.095805
0.21634
0.29345
0.405
0.44924
0.48689
0.51764
0.50131
0.45974
0.36795
0.37797
0.40179
0.43442
0.40833
0.3662
0.3665
0.41517
0.36784
0.34743
0.37075
0.35877
0.29637
0.32966
0.29583
0.29893
0.31992
0.28686
0.30146
0.26605
0.27616
0.28201
0.24475
0.25757
0.22297
0.24883
0.22557
0.22084
0.19694
0.19551
0.18341
0.17386
0.15009
0.15246
0.13786
0.14078
0.13262
0.11733
0.039149
-0.016413
-0.091692
-0.15834
-0.21981
-0.30804
-0.37766
-0.47832
-0.57013
-0.65389
-0.69865
-0.72236
-0.74293
-0.74398
-0.68286
-0.582
-0.56257
-0.56615
-0.59459
-0.59985
-0.57973
-0.5399
-0.53429
-0.51626
-0.41331
-0.3749
-0.29901
-0.15596
-0.103
-0.065389
0.028505
0.11372
0.26731
0.34538
0.46822
0.49907
0.55949
0.58994
0.6011
0.54741
0.44721
0.45
0.46083
0.48333
0.51523
0.49869
0.4814
0.46641
0.43714
0.37566
0.3912
0.39794
0.32653
0.32483
0.35457
0.33589
0.33801
0.27391
0.283
0.25785
0.26337
0.22434
0.20883
0.20461
0.12913
0.081926
-0.012528
-0.068764
-0.14096
-0.23103
-0.29745
-0.3921
-0.46887
-0.51283
-0.54685
-0.54243
-0.55367
-0.5328
-0.46623
-0.4399
-0.43254
-0.44104
-0.41178
-0.38206
-0.36815
-0.32621
-0.25095
-0.2707
-0.28729
-0.20366
-0.1687
-0.086934
-0.012921
0.048142
0.17415
0.2391
0.32575
0.46884
0.49952
0.55278
0.53349
0.56695
0.53824
0.50432
0.44629
0.48723
0.49035
0.48337
0.44508
0.43957
0.40101
0.32889
0.35704
0.37261
0.36566
0.37693
0.38699
0.38055
0.38409
0.33526
0.34054
0.31939
0.2698
0.28623
0.24356
0.26032
0.21397
0.22016
0.18531
0.20441
0.16998
0.1617
0.13959
0.15604
0.13533
0.13196
0.13964
0.11727
0.10825
0.09939
0.089963
0.081786
0.059743
0.06269
-0.019463
-0.085344
-0.14209
-0.24161
-0.31711
-0.38895
-0.47726
-0.58129
-0.67787
-0.73003
-0.7441
-0.7703
-0.75798
-0.77119
-0.76438
-0.70583
-0.64151
-0.62958
-0.64468
-0.6537
-0.60245
-0.53945
-0.57149
-0.58371
-0.50104
-0.42769
-0.37953
-0.25046
-0.16909
-0.098085
0.039903
0.10433
0.28309
0.36213
0.44868
0.47194
0.4992
0.49012
0.50786
0.50359
0.45522
0.39479
0.35948
0.37487
0.40958
0.34824
0.30997
0.32733
0.34665
0.26735
0.26569
0.28006
0.21142
0.22704
0.2284
0.16447
0.17182
0.06534
0.045056
-0.021323
-0.06588
-0.11687
-0.14433
-0.1867
-0.23481
-0.27294
-0.31136
-0.33149
-0.36302
-0.42438
-0.44127
-0.47252
-0.4544
-0.42147
-0.44907
-0.43249
-0.36175
-0.35412
-0.38309
-0.33379
-0.29829
-0.3061
-0.25118
-0.2024
-0.17334
-0.11215
-0.074543
-0.05267
-0.010845
0.023198
0.052686
0.10036
0.13496
0.16773
0.21222
0.23431
0.24693
0.23138
0.17985
0.21187
0.19246
0.11437
0.10715
0.12424
0.076842
0.045832
0.0645
0.041443
0.024338
0.024159
0.0013722
-0.0051848
-0.00072137
-0.0096981
-0.01621
-0.017122
-0.020896
-0.02548
-0.022109
-0.016772
-0.01942
-0.017131
-0.0104
-0.0027235
0.0024117
0.011256
0.0070243
0.0053428
-0.0069129
-0.028343
-0.051679
-0.066427
-0.094314
-0.1103
-0.11737
-0.13564
-0.14466
-0.15672
-0.17692
-0.18746
-0.20188
-0.22202
-0.22644
-0.23921
-0.2724
-0.28468
-0.30689
-0.33573
-0.34862
-0.37354
-0.40021
-0.41106
-0.42809
-0.43978
-0.45762
-0.48621
-0.48528
-0.52295
-0.55793
-0.55174
-0.53371
-0.52864
-0.52161
-0.51149
-0.49628
-0.48046
-0.46492
-0.45858
-0.44666
-0.42205
-0.40737
-0.39565
-0.38286
-0.37381
-0.37414
-0.35462
-0.33397
-0.31686
-0.29225
-0.25622
-0.22066
-0.21111
-0.14731
-0.089118
-0.083522
-0.089288
-0.081895
-0.080695
-0.072757
-0.075663
-0.078414
-0.082039
-0.079411
-0.08351
-0.093246
-0.095522
-0.094016
-0.092922
-0.086175
-0.074642
-0.076971
-0.086903
-0.09128
-0.097577
-0.10175
-0.093579
-0.081604
-0.08431
-0.097666
-0.10023
-0.098869
-0.1008
-0.092841
-0.094589
-0.091593
-0.088011
-0.091084
-0.087321
-0.082816
-0.083602
-0.08723
-0.08654
-0.08216
-0.081685
-0.080457
-0.082889
-0.080625
-0.079303
-0.077315
-0.075906
-0.074314
-0.077367
-0.080324
-0.077633
-0.07507
-0.074317
-0.073108
-0.075632
-0.074727
-0.075002
-0.076679
-0.076366
-0.082383
-0.082608
-0.077661
-0.079315
-0.077125
-0.0695
-0.063266
-0.071725
-0.074643
-0.072544
-0.070306
-0.072343
-0.068759
-0.070586
-0.072241
-0.073395
-0.075079
-0.07244
-0.078766
-0.075025
-0.070432
-0.070366
-0.066232
-0.065429
-0.064412
-0.062414
-0.061549
-0.062758
-0.058714
-0.060824
-0.06766
-0.079699
-0.07394
-0.068414
-0.070584
-0.073319
-0.068867
-0.072456
-0.069948
-0.065524
-0.063648
-0.05975
-0.060168
-0.056237
-0.060098
-0.063438
-0.063226
-0.06721
-0.068181
-0.067761
-0.068738
-0.068496
-0.068367
-0.06696
-0.064756
-0.066615
-0.064508
-0.062906
-0.059755
-0.05707
-0.059919
-0.065287
-0.062007
-0.076659
-0.082366
-0.004126
0.093499
0.18013
0.18656
0.16941
0.14358
0.14919
0.17028
0.22474
0.32847
0.33544
0.29633
0.3114
0.40436
0.41055
0.39407
0.45003
0.46212
0.46459
0.51729
0.52936
0.51882
0.57815
0.61114
0.59703
0.57913
0.50204
0.47347
0.47317
0.49096
0.57585
0.55288
0.58054
0.56348
0.46461
0.48473
0.52432
0.54956
0.45788
0.47403
0.49065
0.47606
0.46713
0.48072
0.42184
0.44687
0.46712
0.41463
0.39365
0.41309
0.36829
0.35202
0.31176
0.3073
0.28166
0.20116
0.17011
0.045154
-0.063167
-0.14581
-0.24875
-0.32621
-0.44153
-0.50194
-0.54079
-0.54526
-0.56209
-0.50657
-0.45384
-0.41411
-0.46207
-0.47561
-0.40989
-0.34897
-0.36472
-0.36691
-0.30233
-0.32521
-0.31735
-0.21854
-0.21729
-0.13301
-0.022362
0.046533
0.1744
0.2312
0.34565
0.44298
0.51856
0.53871
0.5477
0.54581
0.50149
0.44297
0.41123
0.46479
0.45543
0.28181
0.13634
0.062665
-0.040598
-0.19987
-0.2824
-0.31971
-0.3899
-0.36186
-0.35956
-0.32084
-0.27288
-0.32384
-0.31769
-0.2773
-0.22635
-0.26341
-0.22025
-0.17875
-0.21904
-0.17901
-0.17308
-0.16511
-0.1623
-0.15824
-0.0017159
0.1068
0.21858
0.31223
0.43891
0.53306
0.58185
0.58902
0.60155
0.58095
0.51914
0.48802
0.49926
0.5345
0.45242
0.40624
0.43138
0.39712
0.36322
0.3929
0.35436
0.36192
0.35578
0.33575
0.35996
0.31019
0.31104
0.301
0.29468
0.273
0.27752
0.25341
0.26173
0.25108
0.24202
0.16494
0.11646
0.040237
-0.020271
-0.086106
-0.18217
-0.26797
-0.28226
-0.30233
-0.27961
-0.27288
-0.28981
-0.24633
-0.27335
-0.22671
-0.23485
-0.24024
-0.23715
-0.2363
-0.2085
-0.21652
-0.18583
-0.20673
-0.1809
-0.18225
-0.097637
-0.062031
0.032856
0.082065
0.16093
0.23161
0.32751
0.35063
0.34587
0.34098
0.31619
0.31515
0.27173
0.28182
0.23589
0.23062
0.22664
0.21124
0.22958
0.19639
0.1494
0.092389
0.025587
-0.082546
-0.14201
-0.23293
-0.30094
-0.38825
-0.45968
-0.53517
-0.56671
-0.58823
-0.62419
-0.61898
-0.61715
-0.55504
-0.51765
-0.51804
-0.53561
-0.52567
-0.46099
-0.44975
-0.40536
-0.34021
-0.37499
-0.30387
-0.22773
-0.17818
-0.035977
0.0092395
0.13686
0.19873
0.29527
0.37782
0.46672
0.5026
0.52198
0.56127
0.58697
0.56325
0.50722
0.47207
0.49229
0.50039
0.50522
0.46264
0.44079
0.41847
0.34092
0.38752
0.36079
0.32254
0.35698
0.27615
0.30871
0.23631
0.26546
0.22935
0.22305
0.213
0.21367
0.21466
0.18975
0.13404
0.082598
0.005866
-0.061346
-0.14545
-0.20817
-0.32142
-0.4281
-0.50541
-0.54031
-0.54385
-0.51956
-0.46932
-0.49141
-0.48115
-0.40252
-0.44569
-0.4075
-0.39553
-0.40542
-0.36619
-0.39252
-0.37029
-0.35173
-0.347
-0.27402
-0.2299
-0.11336
-0.056479
0.041286
0.10853
0.22037
0.32795
0.40857
0.4471
0.45605
0.44123
0.38139
0.43389
0.42282
0.35525
0.39959
0.38791
0.36604
0.3778
0.32535
0.3537
0.31991
0.29858
0.30843
0.26898
0.28813
0.25728
0.24696
0.22113
0.22557
0.19021
0.18448
0.18152
0.16592
0.15827
0.12778
0.066197
-0.041001
-0.12519
-0.20013
-0.29459
-0.37839
-0.46113
-0.53749
-0.57241
-0.59114
-0.58963
-0.5801
-0.54847
-0.54664
-0.55876
-0.50626
-0.47669
-0.5045
-0.48946
-0.45116
-0.47838
-0.44387
-0.43857
-0.43816
-0.40518
-0.3406
-0.25726
-0.15538
-0.085995
0.030826
0.095694
0.1787
0.27524
0.3084
0.35609
0.31572
0.35561
0.29239
0.31874
0.3221
0.27604
0.28054
0.32165
0.31546
0.30424
0.32346
0.28982
0.27566
0.28393
0.22895
0.25278
0.24923
0.24777
0.26555
0.22303
0.24273
0.22304
0.2169
0.2131
0.17718
0.2335
0.16988
0.18795
0.16828
0.16058
0.13844
0.10176
0.060289
0.032029
-0.011381
-0.04058
-0.062833
-0.089216
-0.12341
-0.13361
-0.18382
-0.22355
-0.28129
-0.32111
-0.35724
-0.39698
-0.41666
-0.46059
-0.48708
-0.52495
-0.55976
-0.57619
-0.58909
-0.59764
-0.59564
-0.54812
-0.52855
-0.5234
-0.47538
-0.40669
-0.38962
-0.35565
-0.26295
-0.2491
-0.20391
-0.1182
-0.066581
0.0035368
0.018184
0.09565
0.11871
0.17778
0.21312
0.24912
0.30087
0.33478
0.36864
0.39774
0.42094
0.40792
0.38453
0.37743
0.40811
0.38216
0.36531
0.37127
0.38513
0.31451
0.33405
0.31971
0.29703
0.27898
0.2508
0.26802
0.24107
0.24129
0.20265
0.20855
0.19992
0.18836
0.18006
0.18671
0.17066
0.13994
0.1269
0.080114
0.059148
0.011074
-0.018453
-0.074305
-0.10072
-0.16115
-0.19011
-0.23125
-0.26245
-0.32341
-0.35046
-0.39674
-0.43037
-0.48214
-0.50762
-0.53075
-0.5726
-0.57466
-0.57927
-0.51311
-0.51559
-0.53203
-0.45999
-0.42375
-0.39248
-0.30923
-0.30215
-0.25281
-0.21409
-0.15834
-0.10576
-0.049104
-0.0030725
0.055719
0.087332
0.12905
0.18411
0.23734
0.26292
0.31608
0.34103
0.37936
0.38133
0.38956
0.33749
0.31776
0.36138
0.31082
0.31687
0.31633
0.26284
0.29332
0.26117
0.25785
0.242
0.21946
0.18736
0.15674
0.12445
0.12663
0.081702
0.018276
-0.041887
-0.085783
-0.14759
-0.17988
-0.23046
-0.26115
-0.31267
-0.36639
-0.4033
-0.4719
-0.51083
-0.53088
-0.54484
-0.54292
-0.46681
-0.4385
-0.46555
-0.42923
-0.37499
-0.3956
-0.32714
-0.28429
-0.31352
-0.19516
-0.17159
-0.11614
-0.026186
0.045457
0.08279
0.13423
0.22029
0.24486
0.35393
0.37305
0.47105
0.4893
0.53525
0.53068
0.55803
0.47039
0.46998
0.49549
0.47219
0.42973
0.46907
0.42209
0.38658
0.43301
0.34786
0.37892
0.36726
0.3227
0.29181
0.28174
0.23723
0.16856
0.15321
0.053403
0.044073
-0.043254
-0.059723
-0.13559
-0.15231
-0.22356
-0.25415
-0.30249
-0.33383
-0.38536
-0.41754
-0.43375
-0.44803
-0.46089
-0.47403
-0.44371
-0.42138
-0.41445
-0.40177
-0.40972
-0.39393
-0.32033
-0.27157
-0.23687
-0.21006
-0.17858
-0.14478
-0.11171
-0.081651
-0.066828
-0.046307
-0.014695
0.01392
0.033168
0.05958
0.079956
0.07366
0.049009
-0.016834
-0.064966
-0.11462
-0.17124
-0.18569
-0.19417
-0.18892
-0.2025
-0.24809
-0.27074
-0.32036
-0.37998
-0.37691
-0.36402
-0.36076
-0.37941
-0.38112
-0.38735
-0.38298
-0.36652
-0.31781
-0.28031
-0.26996
-0.27452
-0.26326
-0.14424
0.0046979
0.10797
0.10047
0.083291
0.096175
0.11119
0.14197
0.19314
0.19912
0.22819
0.31043
0.34466
0.31108
0.34574
0.40735
0.39326
0.43831
0.49961
0.45899
0.44242
0.45784
0.44118
0.4874
0.49781
0.4679
0.37845
0.27942
0.30329
0.3134
0.30598
0.283
0.27454
0.20082
0.19001
0.1953
0.18769
0.15887
0.17379
0.11691
0.071019
0.097351
0.066182
0.00083911
0.02407
-0.026976
-0.105
-0.13347
-0.1951
-0.22177
-0.25267
-0.3081
-0.30519
-0.3334
-0.35723
-0.39928
-0.41142
-0.44434
-0.44928
-0.49857
-0.51779
-0.57086
-0.61734
-0.63192
-0.62888
-0.6652
-0.70498
-0.69358
-0.71713
-0.74812
-0.7553
-0.79895
-0.7999
-0.76982
-0.71162
-0.67744
-0.65001
-0.66434
-0.6649
-0.65241
-0.6266
-0.60685
-0.59325
-0.55744
-0.50384
-0.47419
-0.44384
-0.40723
-0.38839
-0.37514
-0.33396
-0.28728
-0.29301
-0.26644
-0.23394
-0.19704
-0.12507
-0.085915
-0.084388
